2.477528089887640306e+02
5.864361702127659726e+01
6.091160220994475338e+01
5.872170439414114185e+01
2.013698630136986196e+02
2.013698630136986196e+02
5.451174289245982862e+01
6.264204545454545325e+01
1.876595744680851112e+02
1.852941176470588118e+02
5.294117647058823195e+01
1.852941176470588118e+02
1.845188284518828539e+02
1.845188284518828539e+02
1.845188284518828539e+02
1.845188284518828539e+02
1.228412256267409361e+02
5.268817204301075918e+01
1.845188284518828539e+02
1.204918032786885220e+02
1.778225806451612812e+02
1.736220472440944889e+02
1.683206106870228780e+02
1.639405204460966559e+02
1.683206106870228780e+02
