0.000000000000000000e+00
0.000000000000000000e+00
0.000000000000000000e+00
0.000000000000000000e+00
2.013698630136986196e+02
2.013698630136986196e+02
1.900862068965517153e+02
1.884615384615384528e+02
1.876595744680851112e+02
1.845188284518828539e+02
1.852941176470588118e+02
1.852941176470588118e+02
1.845188284518828539e+02
1.845188284518828539e+02
1.860759493670886116e+02
1.860759493670886116e+02
1.860759493670886116e+02
1.860759493670886116e+02
1.860759493670886116e+02
1.829875518672199064e+02
1.792682926829268411e+02
1.750000000000000000e+02
1.696153846153846132e+02
1.627306273062730497e+02
0.000000000000000000e+00
