1.845188284518826833e+02
1.845188360453739449e+02
1.845188228154025296e+02
1.845188346192649931e+02
1.845188207415532702e+02
1.845188213916431152e+02
1.845189141756028164e+02
1.845184958002782309e+02
1.845196505047988182e+02
1.845179040748522254e+02
1.845163556171977177e+02
1.845364649332143188e+02
1.844581059517448125e+02
1.846508974192298069e+02
1.844340513829818065e+02
1.820560356817714194e+02
1.792611414024773069e+02
1.758786730913496683e+02
1.718905102092821551e+02
1.689655172413791888e+02
