1.719686109999998394e+02
1.656810696932548126e+02
1.647484792108921852e+02
1.620045969277549318e+02
1.610037968319853690e+02
1.610227489381641703e+02
1.605397368769228308e+02
1.611242490765799573e+02
1.617338628695384841e+02
1.617622136214893089e+02
1.606186507059322537e+02
1.608040045419634509e+02
1.614045385400899875e+02
1.601374280489981459e+02
1.611660366088118224e+02
1.617854289966613806e+02
1.630246184799806315e+02
1.638941345031917933e+02
1.636411316458873557e+02
1.659093520000002115e+02
