1.932734609999997133e+02
1.805825400120855022e+02
1.789545361973945887e+02
1.779497343115052956e+02
1.780573741699649872e+02
1.759162597301523476e+02
1.735134342884250600e+02
1.720590607583864653e+02
1.711708778805645181e+02
1.709319466445580815e+02
1.696241440855174289e+02
1.694039318803930882e+02
1.686207804589539592e+02
1.674950813273047743e+02
1.675705745006828238e+02
1.697720097753190203e+02
1.631464111129073160e+02
1.674576857352121806e+02
1.687715020389939866e+02
1.689662209999999902e+02
