1.825076009999998803e+02
1.737575226029969997e+02
1.723486246147296583e+02
1.695895776764530467e+02
1.661146670800636116e+02
1.633081687197984024e+02
1.626006368956115864e+02
1.629084982467418286e+02
1.615781695892363246e+02
1.645461432946781883e+02
1.636318483009160900e+02
1.636256023402960977e+02
1.642917857648623112e+02
1.652530153568730498e+02
1.659704343964021689e+02
1.662427535456793350e+02
1.636825370446620980e+02
1.571393063998516766e+02
1.581014559476576267e+02
1.614389550000002771e+02
