1.688355819999997607e+02
1.716291123034978057e+02
1.729608301422528882e+02
1.729107078665028325e+02
1.723505986086256598e+02
1.711898199931426916e+02
1.707106993436905782e+02
1.703089745606772283e+02
1.700219085851369698e+02
1.694627656525275654e+02
1.684053317508468410e+02
1.677555313236595111e+02
1.673373742376613791e+02
1.668063414092117114e+02
1.676163562253890689e+02
1.708751149174587738e+02
1.799130836665591460e+02
1.843095805582773892e+02
1.865546974124250710e+02
1.790783150000002024e+02
