1.707980919999997980e+02
1.661258387413080015e+02
1.652671144041718776e+02
1.648517801889892951e+02
1.642486239029709907e+02
1.649774997447364626e+02
1.664709234013108698e+02
1.676285538201822760e+02
1.682230217087845574e+02
1.677815648790762850e+02
1.678997658004423101e+02
1.668498955490573792e+02
1.655104138750063782e+02
1.654219625514569429e+02
1.672040698479358412e+02
1.698295992961860179e+02
1.720315473623079470e+02
1.763909790752771869e+02
1.794152160675135406e+02
1.703737490000001173e+02
