4.478139849999990929e+02
4.388938326117041697e+02
4.313054536494157674e+02
4.369067658279116699e+02
3.742271612908650127e+02
2.605428879301098277e+02
1.769759202370466937e+02
1.635859071343881226e+02
1.674513881590481787e+02
1.665454430265421877e+02
1.652703538854624412e+02
1.639269481618980251e+02
1.639175567269090266e+02
1.631905440769861286e+02
1.632968645971960484e+02
1.634624995735249513e+02
1.634834278995392935e+02
1.618359484476897023e+02
1.624168461966204120e+02
1.661876999999999214e+02
