2.249586169999998901e+02
2.092583632854552320e+02
1.838493317339959958e+02
1.635608724189845589e+02
1.612861799999997174e+02
1.634525299999995696e+02
1.647251639999997508e+02
1.644410280000004150e+02
1.616036649999999781e+02
1.591998969999999645e+02
1.562199549999998851e+02
1.547341259999996623e+02
1.547071930000000179e+02
1.533972450000000549e+02
1.532531269999999495e+02
1.543146610000000010e+02
1.555884760000001847e+02
1.560016940000001568e+02
1.556228940000000875e+02
1.552160279999999659e+02
