1.614875109999999268e+02
1.598511306307881625e+02
1.648021988663320485e+02
1.616418716685041943e+02
1.608967977003553074e+02
1.619417738938091702e+02
1.612747002806407863e+02
1.626463639265101904e+02
1.620950041945498583e+02
1.602288221678456637e+02
1.606494287023481320e+02
1.592817079518632397e+02
1.591327380934922076e+02
1.583287102685089565e+02
1.592948223654583444e+02
1.589065618354494802e+02
1.593460926595944613e+02
1.642076556771909566e+02
1.684830924465728685e+02
1.655504649999999742e+02
