1.919474630000002549e+02
1.782765366734137160e+02
1.751002671003336104e+02
1.719608768065302229e+02
1.692193028491426219e+02
1.679252864077139122e+02
1.670120113995527333e+02
1.662985691257609631e+02
1.669483144106681323e+02
1.659835475339664299e+02
1.660738240415645350e+02
1.666402745847681786e+02
1.668451164036050045e+02
1.666331466320619370e+02
1.666395129891599822e+02
1.662639566766993084e+02
1.660965254677346650e+02
1.664408952008869278e+02
1.665036796531608445e+02
1.684615069999999548e+02
