1.674082700000001864e+02
1.626301194702491273e+02
1.639283330433488857e+02
1.643480550131294819e+02
1.653238393612077175e+02
1.639326821157033862e+02
1.641009089883563092e+02
1.640307226430894900e+02
1.636018572217228382e+02
1.631859008955291301e+02
1.619680800004404944e+02
1.617830929356075558e+02
1.614650761763492994e+02
1.608398862602346640e+02
1.604182198665369299e+02
1.600069092052672204e+02
1.607861491947699903e+02
1.626917512026776080e+02
1.596508320528581635e+02
1.589604909999999336e+02
