2.002744199999997363e+02
1.726020597471537030e+02
1.677744062707036505e+02
1.670944599174471819e+02
1.673850865876256364e+02
1.669683266023125441e+02
1.669056596563567609e+02
1.664420295624929338e+02
1.667619554973560696e+02
1.671940536652463720e+02
1.672592670409068205e+02
1.662299451160357648e+02
1.672055315070217887e+02
1.676346362739462563e+02
1.684948974971549092e+02
1.681582500421880297e+02
1.663662244245735451e+02
1.645911064753791777e+02
1.595939080688437457e+02
1.619664349999999331e+02
