1.691820789999999306e+02
1.715260380339048254e+02
1.675267867836827804e+02
1.660434001470409839e+02
1.661499285523109393e+02
1.661863866853207128e+02
1.671661927706550159e+02
1.676673392133933191e+02
1.681400353328307631e+02
1.686415004448591333e+02
1.680328654688785264e+02
1.667569689800403410e+02
1.657573043315617554e+02
1.653737548135155180e+02
1.671840061882263342e+02
1.717498824694975497e+02
1.838979193213728820e+02
1.858344051057421495e+02
1.815377447373698487e+02
1.810382389999999191e+02
