1.845340670000002206e+02
1.735334348339104054e+02
1.698805904992929072e+02
1.660191037626247805e+02
1.656836377624314309e+02
1.652398215594996884e+02
1.660234753284750866e+02
1.664221109378842129e+02
1.657490836275563026e+02
1.653366969606170471e+02
1.652159772897713594e+02
1.656469425365489485e+02
1.662303660369460090e+02
1.660468437751888473e+02
1.661526299410732008e+02
1.663333687565063883e+02
1.667991184741921700e+02
1.676332789702419745e+02
1.666342101243870388e+02
1.719214639999999861e+02
