1.628712300000000539e+02
1.600220000569115086e+02
1.629882160810911103e+02
1.638589704874200379e+02
1.633768059031859252e+02
1.635514167107090486e+02
1.646833594476047722e+02
1.664468346949206250e+02
1.662296366035748179e+02
1.665569882441376990e+02
1.662174365247556977e+02
1.658045431635624709e+02
1.641783209201354623e+02
1.615906712834587609e+02
1.613770647136817615e+02
1.624059463882421426e+02
1.724072818575201893e+02
1.786851695678619478e+02
1.735516827818642014e+02
1.776128559999998515e+02
