4.934146430000000692e+02
3.773639904726812233e+02
1.775856742204236696e+02
1.710126962980023677e+02
1.695418063774542645e+02
1.691806471292867400e+02
1.687088102066649071e+02
1.682011509307389474e+02
1.676077874188410988e+02
1.681699797762558717e+02
1.688194148026182972e+02
1.689977740548492307e+02
1.687186573133673733e+02
1.679853153338240475e+02
1.677652533923958060e+02
1.687934703215944410e+02
1.686664649534052955e+02
1.676858313095761446e+02
1.672785641243427506e+02
1.697834230000001128e+02
