1.652945709999998201e+02
1.596559746916601057e+02
1.624871204159868512e+02
1.637471034811767936e+02
1.639418107041470307e+02
1.644396985285341657e+02
1.644232488974770661e+02
1.638414052147524842e+02
1.647252760305790673e+02
1.639200531276238735e+02
1.637097516771810604e+02
1.639493231218622782e+02
1.639672527625785108e+02
1.637470672216065282e+02
1.622521306203027791e+02
1.617865624447650816e+02
1.613045412613865608e+02
1.618915537443519099e+02
1.584643976708943853e+02
1.623349340000002883e+02
