1.549893749999995123e+02
1.495261580324847728e+02
1.526865883958244012e+02
1.636989624972131594e+02
1.682947054298985563e+02
1.706759285930976375e+02
1.713500095796048583e+02
1.663306802360415588e+02
1.685178640122066440e+02
1.679084239632782669e+02
1.691483005898567740e+02
1.696150149233817785e+02
1.691618828781714114e+02
1.683709501167793121e+02
1.672394574771934970e+02
1.666426763737528915e+02
1.679370675352813862e+02
1.701107525416549606e+02
1.723645028996411952e+02
1.820053119999997477e+02
