1.489994979999999032e+02
1.513462916777764349e+02
1.605463436120682559e+02
1.634952636511478943e+02
1.623384038560074032e+02
1.630411242091589372e+02
1.629686129799086700e+02
1.615750589359232947e+02
1.583628014488611484e+02
1.566747365375108245e+02
1.562087778211265459e+02
1.557483777705925547e+02
1.557684719933726853e+02
1.548003455414946075e+02
1.549322044992905205e+02
1.559886697673665310e+02
1.592925085472635658e+02
1.624043062164679156e+02
1.626928140368899278e+02
1.580552169999999421e+02
