1.523249009999999544e+02
1.347342999810079505e+02
1.336494653721788950e+02
1.367278278265662834e+02
1.510358186436875485e+02
1.634654996847927180e+02
1.688436060520026274e+02
1.680500771908782554e+02
1.656128568351861929e+02
1.640550231534468821e+02
1.622541870086124902e+02
1.606100660434887573e+02
1.631518587388663946e+02
1.626258111529877226e+02
1.630602394069097727e+02
1.627395392849442146e+02
1.639959059799205363e+02
1.664889512402398282e+02
1.658646662972304568e+02
1.662841280000001234e+02
