2.142938249999998277e+02
8.219339609192445550e+01
1.490730712775458073e+02
1.551268768934921525e+02
1.551142762289980510e+02
1.595846880917193005e+02
1.641089914087993691e+02
1.662953811709455465e+02
1.660080634089610783e+02
1.652320657063785916e+02
1.635129497994533949e+02
1.618287045639830808e+02
1.623699456371106180e+02
1.625482424455882153e+02
1.630603143570991733e+02
1.623969790104866320e+02
1.625848147169546110e+02
1.590076086043548855e+02
1.653868802424515820e+02
1.606782029999999111e+02
