1.244800489999999797e+02
1.194392339309979860e+02
1.163572878116197984e+02
1.141313182695970880e+02
1.131840580940121157e+02
1.119794062704078073e+02
1.121268599891288886e+02
1.139677133254973569e+02
1.149551025846010788e+02
1.158728064439000320e+02
1.176946483468775710e+02
1.197808240781435529e+02
1.242930625806239675e+02
1.281564115195478166e+02
1.311471679345141581e+02
1.393513106508929980e+02
1.459752204933320741e+02
1.540677155491197823e+02
1.678761627706912805e+02
1.724510619999999790e+02
