1.262350479999998925e+02
1.229599310225126487e+02
1.211736024674957406e+02
1.202296348482608437e+02
1.192657955886066787e+02
1.187070363362718837e+02
1.185606736047595149e+02
1.188005256355959887e+02
1.187983025713844540e+02
1.187641458104160392e+02
1.195073820165186191e+02
1.218079161539163522e+02
1.262003765235391057e+02
1.308294965606071685e+02
1.372094039710267452e+02
1.432513051880407318e+02
1.493896143835683574e+02
1.568957454918971450e+02
1.670758598022076740e+02
1.700099140000000091e+02
