1.220720089999997384e+02
1.160934278457093995e+02
1.139136690787647979e+02
1.108547078235432224e+02
1.090189044330756758e+02
1.091426706526157062e+02
1.078273761469653209e+02
1.104622029204206797e+02
1.127650074499933623e+02
1.175140325125977370e+02
1.170070836633506843e+02
1.224009926413582150e+02
1.267752516893166188e+02
1.298749168808193417e+02
1.349776097131301924e+02
1.423958861890484968e+02
1.516298263125058838e+02
1.595597108261544577e+02
1.616717391595077800e+02
1.614652870000000746e+02
