1.314930359999998473e+02
1.297135521371046991e+02
1.287532644768153887e+02
1.253210213831306277e+02
1.248873085683499795e+02
1.241699953358416195e+02
1.248038979683784220e+02
1.254404428057055156e+02
1.284874440003847837e+02
1.324515879734036332e+02
1.379845254957481586e+02
1.512150614279648266e+02
1.531305099250554349e+02
1.603701926818280299e+02
1.672268057973946043e+02
1.807495941811047828e+02
1.761452325787606128e+02
1.788011361544321289e+02
1.492493793745361188e+02
1.611136880000001383e+02
