1.185083199999999408e+02
1.181402888240286018e+02
1.170744256431050161e+02
1.177822626692379941e+02
1.179395728734288440e+02
1.179401026239904269e+02
1.177831458713597215e+02
1.185215252892675863e+02
1.194758221020800733e+02
1.205577585967286183e+02
1.229719062798337603e+02
1.266060197615192209e+02
1.307956352310720263e+02
1.346956778947580915e+02
1.428434359967957334e+02
1.462111752976891523e+02
1.533772362376822969e+02
1.659404104179440367e+02
1.723790235921003386e+02
1.890914280000000360e+02
