1.380313879999999926e+02
1.353369134389548378e+02
1.316182492665278403e+02
1.286773250571251879e+02
1.257266906789927816e+02
1.229268693073297527e+02
1.233052241592522336e+02
1.238821367549539616e+02
1.247612742959511394e+02
1.256448603017863093e+02
1.263764102878825213e+02
1.277003698425800593e+02
1.302214585917680267e+02
1.336034120438955313e+02
1.376078702554062829e+02
1.414512667281657059e+02
1.435320633108280219e+02
1.489395165129817258e+02
1.518895180944880678e+02
1.603490680000000737e+02
