4.969119709999996530e+02
4.966136752039036537e+02
4.584488989878441316e+02
3.574312288780359381e+02
2.384499320177372397e+02
1.477294006598958163e+02
1.247714764336064661e+02
1.223169688988251522e+02
1.217479256949721957e+02
1.184408793686738619e+02
1.160688984073370023e+02
1.153559925039675420e+02
1.129653772363129463e+02
1.112161463982740202e+02
1.121869599996514495e+02
1.151600975947677910e+02
1.219603171763270240e+02
1.267015079689955144e+02
1.307669856001926405e+02
1.268595370000002731e+02
