1.230727589999997917e+02
1.234635400716686036e+02
1.163788179717066953e+02
1.151585635168396351e+02
1.136813735890673343e+02
1.134003162752106135e+02
1.138751591634825076e+02
1.144140733301568247e+02
1.143927595775080164e+02
1.157921896283837100e+02
1.157059725343976453e+02
1.176436758102425415e+02
1.200420238239328938e+02
1.238943757198575497e+02
1.274026304722014942e+02
1.400790315364083938e+02
1.489507462007598804e+02
1.569351354397737452e+02
1.592152227332032624e+02
1.589907340000000602e+02
