4.132083080000007271e+02
4.299076625190659229e+02
2.670188186492924274e+02
1.174937080215913170e+02
1.217270036841837850e+02
1.176044407902964650e+02
1.157146661107104535e+02
1.137584193936242514e+02
1.137194063411750875e+02
1.144975644162448845e+02
1.172054530434729287e+02
1.195135702267015887e+02
1.231862300607062934e+02
1.277984313041194184e+02
1.331352001505522367e+02
1.418784856676654158e+02
1.515027706798856002e+02
1.618531811339856858e+02
1.745046973533298740e+02
1.867412259999999833e+02
