1.678145489999998858e+02
1.489424700949364819e+02
1.412340107526988504e+02
1.325626794980274212e+02
1.310046877383608717e+02
1.305953289284962580e+02
1.266778309719203861e+02
1.244184535781019036e+02
1.219289826781582775e+02
1.207781154961824512e+02
1.209748626993238219e+02
1.218535829259334804e+02
1.261543782717476887e+02
1.305278863287593083e+02
1.337290938654899719e+02
1.421637793645135162e+02
1.070597634991730587e+02
8.276248520433549061e+01
8.990573082933698856e+01
8.944927000000015482e+01
