1.270171369999998490e+02
1.252651699465078821e+02
1.171611197367471959e+02
1.133211207264381954e+02
1.098486122339361657e+02
1.092582702303803615e+02
1.096442001420960679e+02
1.106273776135258373e+02
1.110071428692756967e+02
1.157778354671519878e+02
1.193131743355839944e+02
1.222808233247038174e+02
1.259858188640531438e+02
1.296064230208596371e+02
1.355003560631864730e+02
1.389068830004287918e+02
1.439101015016499332e+02
1.602809403798668200e+02
1.611807954032499026e+02
1.590021290000001670e+02
