1.417548480000000950e+02
1.380099623866070431e+02
1.281210193163950635e+02
1.245475186609714484e+02
1.227090279372897470e+02
1.221826680013366513e+02
1.204258741146564091e+02
1.209355093580462892e+02
1.232975321265298305e+02
1.264096109900937108e+02
1.270683762191928849e+02
1.289187583953664102e+02
1.327356147137342646e+02
1.376195990970391563e+02
1.486667898368057763e+02
1.534997854572125675e+02
1.582806243058271320e+02
1.699139178383911428e+02
1.780755519053693092e+02
1.756060789999999656e+02
