1.356178080000000250e+02
1.255422015128783784e+02
1.201536331425063224e+02
1.158839225584514026e+02
1.151376045515994662e+02
1.123995043920873655e+02
1.134987272619361960e+02
1.137020683690758176e+02
1.172192126011351974e+02
1.193826622603687468e+02
1.239369092480982175e+02
1.288196744709107122e+02
1.357528738718799843e+02
1.435325417044693381e+02
1.513284644252301803e+02
1.611023498250762884e+02
1.614579812332610800e+02
1.725292921617567004e+02
1.764047340860063571e+02
1.751525930000001097e+02
