1.193666630000001163e+02
1.276824864868954421e+02
1.267933244645754627e+02
1.267609766207743434e+02
1.282027775224559036e+02
1.260577113818529256e+02
1.267584165523789608e+02
1.269690705976500880e+02
1.275667862456361092e+02
1.286513240335233093e+02
1.299526272149521162e+02
1.334472201054757363e+02
1.392200509321531570e+02
1.457739084708878465e+02
1.567212921503762573e+02
1.648259041499241562e+02
1.688567083384433829e+02
1.752473113578125492e+02
1.769082604204663198e+02
1.789686109999999246e+02
