1.298273399999996798e+02
1.290516158137121465e+02
1.255622728974596498e+02
1.210136939119584838e+02
1.217191116137534976e+02
1.217731988176074935e+02
1.210711900313759344e+02
1.208261751384960121e+02
1.206775782151752026e+02
1.213378725484301413e+02
1.222129681551022884e+02
1.233845433083253340e+02
1.264631517717078282e+02
1.305659350192963473e+02
1.352205690504076188e+02
1.398950740165644788e+02
1.438894453853391440e+02
1.503056074094740779e+02
1.577626146740693116e+02
1.603552960000000098e+02
