1.148460550000000922e+02
1.233989170000000257e+02
1.231565929999995888e+02
1.241422769999996092e+02
1.216974859999999126e+02
1.170967129999999088e+02
1.145894970000002218e+02
1.149381480000001261e+02
1.156719700000001438e+02
1.153945470000000171e+02
1.157092620000000807e+02
1.196262320000002290e+02
1.203014850000002269e+02
1.230538290000000927e+02
1.327016120000001536e+02
1.414182359999998084e+02
1.551507910000001687e+02
1.596604800000000921e+02
1.695761179999999513e+02
1.908969460000000424e+02
