1.260203049999999507e+02
1.262951657660668872e+02
1.249686478189447172e+02
1.273728025649731848e+02
1.247672639437112565e+02
1.229064277006416432e+02
1.181051884443947557e+02
1.180572050991860351e+02
1.178647378060397415e+02
1.173406827011892943e+02
1.174621932433972091e+02
1.244960398779312527e+02
1.268297925492060756e+02
1.322109225073758410e+02
1.399979435874829505e+02
1.472854956688235575e+02
1.581593700613065892e+02
1.678779870210783258e+02
1.724191817323288944e+02
1.676118399999999440e+02
