1.437189259999997830e+02
1.355851909947588751e+02
1.364274046241883696e+02
1.384528847715290283e+02
1.386559871184129520e+02
1.332781204694598500e+02
1.290108800038769914e+02
1.206937112803706924e+02
1.213208600449124361e+02
1.205536148957490212e+02
1.212663234819447098e+02
1.215952358626395124e+02
1.224480819603310664e+02
1.221845520689705182e+02
1.219028123410364515e+02
1.235583710600828482e+02
1.278202990880460561e+02
1.396041930106245843e+02
1.473726689267415964e+02
1.557416880000001242e+02
