1.614993830000002504e+02
1.427656708409319037e+02
1.300888760263216568e+02
1.245428244664258841e+02
1.218320615502039885e+02
1.220539567110833445e+02
1.216741488245691443e+02
1.213468551603436083e+02
1.161204205047515359e+02
1.171189153019615645e+02
1.182588903337920243e+02
1.186936312111329386e+02
1.209174817257175505e+02
1.282786450680883377e+02
1.371597267463326943e+02
1.465060941536403618e+02
1.615752954293957089e+02
1.690276058086927549e+02
1.266769006884332782e+02
1.707521539999998481e+02
