1.909923689999997976e+02
1.660461672204764341e+02
1.438641066789041645e+02
1.231674957953866709e+02
1.237481991531562358e+02
1.213947854199686560e+02
1.208037816337517398e+02
1.193908262800515416e+02
1.205911603835752004e+02
1.207825125438283180e+02
1.223493925644125397e+02
1.257609345202092896e+02
1.282590535791153457e+02
1.314467727720250991e+02
1.418539732521989549e+02
1.518227137070939534e+02
1.689056360418668419e+02
1.771646761160884296e+02
1.817896696860374846e+02
1.892489119999998479e+02
