1.130284179999999452e+02
1.015950383255719203e+02
1.054335748947228808e+02
1.026419714165997021e+02
1.004720843971138606e+02
1.016009483575227961e+02
9.895411137553988112e+01
9.906785438476990180e+01
1.010922448910625349e+02
1.088116997437124525e+02
1.167305283801307212e+02
1.265007920244665911e+02
1.300038707135514642e+02
1.327587175376930304e+02
1.368777164421119039e+02
1.388742896627493622e+02
1.419316759180201188e+02
1.552134855765434907e+02
1.594241935920473452e+02
1.655825769999999295e+02
