1.149465999999999326e+02
1.081046558207740276e+02
1.056696405483334615e+02
1.060054194900325371e+02
1.065826093718523850e+02
1.074625954656023765e+02
1.087560951495217978e+02
1.091563829733156012e+02
1.112959898811276389e+02
1.143804015823802587e+02
1.181107302122146621e+02
1.195952606055487450e+02
1.228399427045707455e+02
1.284801046398065978e+02
1.349884870510739745e+02
1.430242376684722672e+02
1.467532178788991359e+02
7.834737323948013454e+01
8.134910793702843534e+01
8.488849399999993750e+01
