1.025322150000001500e+02
9.894568583999577527e+01
9.790623024636005312e+01
9.628713107523969938e+01
9.738264760752372240e+01
9.853853294573572441e+01
1.000635210832263056e+02
1.002346131668700480e+02
1.015327812554501463e+02
1.095154926256352184e+02
1.146494034004266638e+02
1.196254061692592359e+02
1.229712212661253545e+02
1.242001235769648559e+02
1.294117747455089500e+02
1.300757474386828960e+02
1.322007457888031752e+02
1.420810835927763947e+02
1.676635339525770405e+02
2.051972839999997973e+02
