1.058059860000000327e+02
1.020235587527677126e+02
9.922336331588763869e+01
1.006125816004211799e+02
1.005593902479612751e+02
1.021823769564155100e+02
1.025520125325890461e+02
1.054460000241129478e+02
1.095574604756952368e+02
1.131174731968940108e+02
1.196400842972364416e+02
1.247650129316258329e+02
1.287885491199800754e+02
1.394872358916566952e+02
1.630395741398924372e+02
2.093206552716009980e+02
2.212328050159055692e+02
2.664136898657365009e+02
2.575732541871077501e+02
2.061031927766631782e+02
