1.172593360000000757e+02
1.041329560456114223e+02
1.002758166559484465e+02
9.770372391328646700e+01
9.808689446600115502e+01
9.817161194638245547e+01
9.843162225553511746e+01
9.983874331791160728e+01
1.004776685957651949e+02
1.017951313578762296e+02
1.045576549154662587e+02
1.062210518284252743e+02
1.103521526613020569e+02
1.164425473279742107e+02
1.236634889377424571e+02
1.281167225945860935e+02
1.382003191851124484e+02
1.520798562837163388e+02
1.579307265506753311e+02
1.554755319999999870e+02
