1.075343439999998196e+02
1.043978342262287384e+02
1.021159195568598790e+02
1.027392611544461403e+02
1.029352953197025755e+02
1.026594597344053170e+02
1.026441141142009315e+02
1.041484021472403612e+02
1.040125746173752361e+02
1.057316054066814388e+02
1.076043448500385153e+02
1.079997921307227813e+02
1.109663681887115416e+02
1.141883482321727854e+02
1.181371763816474498e+02
1.224420992585416030e+02
1.246670937184173624e+02
1.277977050708555709e+02
1.354865610609907947e+02
1.391515760000000910e+02
