1.043537879999998950e+02
9.979002860947166198e+01
9.911431540417079589e+01
9.879036610058700774e+01
1.023364548581520665e+02
1.024524019287753305e+02
1.026464607497789672e+02
9.993062610759247377e+01
1.016504873958221822e+02
1.034035014278268250e+02
1.045813797374556771e+02
1.067515445690772111e+02
1.095450021243397316e+02
1.108827062520835938e+02
1.127812230688151800e+02
1.166594445531954989e+02
1.245317961250101888e+02
1.343083082632840899e+02
1.446592258719945505e+02
1.523713549999999088e+02
