9.860633200000005161e+01
1.008809028494034692e+02
1.045228885021018499e+02
1.014115351228446542e+02
1.024503704360452048e+02
1.023691267130156177e+02
1.026338657149095326e+02
1.019027398678779548e+02
1.014317743777309886e+02
1.000658815499280223e+02
9.969521312738589813e+01
1.011183109476812660e+02
1.034747909405262618e+02
1.064971872368514312e+02
1.101647594281931077e+02
1.141680426808106716e+02
1.154652129131531950e+02
1.194721431296383116e+02
1.260624092122783253e+02
1.347263189999998758e+02
