1.119298760000000215e+02
1.043414579025138664e+02
1.025288731052384321e+02
1.015930865154824687e+02
1.015114738217665860e+02
1.020987186724290154e+02
1.029525747682869081e+02
1.050423502278049739e+02
1.094416284508384081e+02
1.108363474093028458e+02
1.137507424502281310e+02
1.176195215045263893e+02
1.210778237108284685e+02
1.255652883989450999e+02
1.296117538480353346e+02
1.369976439314764889e+02
1.609629380076300720e+02
8.386561513673814261e+01
7.742948553843763193e+01
3.157632439999998724e+02
