1.172129579999997873e+02
1.102184897603649887e+02
1.046676963266212397e+02
1.043866060287166562e+02
1.034805063000076473e+02
1.052975857871487904e+02
1.056581502588000632e+02
1.064619020747465470e+02
1.081581077672186098e+02
1.084928817631695210e+02
1.093609786049207173e+02
1.098583407347567658e+02
1.131872777207416334e+02
1.190498639706961512e+02
1.261755677913618570e+02
1.327522168871747965e+02
1.378764008081196835e+02
1.445514435663959603e+02
1.470525910200178146e+02
1.430969849999998473e+02
