1.120236089999999223e+02
1.061220281814765372e+02
1.009705039005237239e+02
9.970759943211982090e+01
9.880832250193442690e+01
9.978916696512385442e+01
1.021006873715450212e+02
1.043481337357577416e+02
1.064861571569110055e+02
1.075084597215454920e+02
1.109805244372162463e+02
1.135321828188385922e+02
1.153395722858109309e+02
1.185356440051615294e+02
1.217101267313666284e+02
1.242448958210523386e+02
1.272201768215519024e+02
1.312622233183917047e+02
1.356780982173825407e+02
1.411645659999999793e+02
