3.790840360000005376e+02
3.939960388938637834e+02
4.001136838749443996e+02
3.485304846922874731e+02
2.719295677325710585e+02
2.248898741515428128e+02
2.241651068569939866e+02
2.067190298491928218e+02
1.108833768961288797e+02
9.310684597050450861e+01
9.306130760361097032e+01
9.846423755358296148e+01
1.036495898242746563e+02
1.112895842170679259e+02
1.157986741247862881e+02
1.209051493925699958e+02
1.235497381820490972e+02
1.296609314850464330e+02
1.306148453528267908e+02
1.337086919999999282e+02
