1.130939439999999081e+02
1.093051656486228183e+02
1.079227456802811105e+02
1.065731484214186509e+02
1.067784501591104060e+02
1.066563874536075360e+02
1.098359379940585256e+02
1.127403646837829001e+02
1.145449803553212149e+02
1.166001732701494689e+02
1.186922304967968671e+02
1.190887465541622703e+02
1.212021605324397200e+02
1.222930880355860239e+02
1.248801403235965779e+02
1.306755982832988536e+02
1.237407083316889924e+02
1.241181623226421067e+02
1.233553540822944541e+02
1.264447039999999873e+02
