1.077544590000000539e+02
1.042356995747882422e+02
1.038340850633842791e+02
1.044231548256338868e+02
1.067687568255909270e+02
1.106954281550553532e+02
1.125159963823492859e+02
1.137566758457899141e+02
1.161918100971378607e+02
1.193710378724630914e+02
1.227411671165469613e+02
1.243516791816336564e+02
1.273578348613866495e+02
1.304219541768927115e+02
1.317265913437581162e+02
1.352787340848694839e+02
1.376555222986099523e+02
1.421977333585098791e+02
1.475765891835159493e+02
1.537971640000000377e+02
