4.986468139999996083e+02
3.989815044832119497e+02
1.501600486395403493e+02
1.091410120145620795e+02
1.069766557575445205e+02
1.054445063106539493e+02
1.047113575303205124e+02
1.058847846794367342e+02
1.066780072536349024e+02
1.079683210426982214e+02
1.097608789805538407e+02
1.123114409565583429e+02
1.147039909934989339e+02
1.193009595499807034e+02
1.244413028917277160e+02
1.248750051795708345e+02
1.256187430749227900e+02
9.283875953364763234e+01
1.054721384733722829e+02
1.252731120000002250e+02
