1.018876770000000249e+02
9.383745064321674079e+01
1.063977205475590040e+02
1.054257384649973375e+02
1.053333196234135585e+02
1.072632002703255409e+02
1.086201544203456137e+02
1.086628718787907815e+02
1.091884268335685704e+02
1.101961489649869606e+02
1.114010607599747402e+02
1.143090494292765840e+02
1.174816227240339117e+02
1.223181501590472919e+02
1.254743980337303384e+02
1.289108643363055080e+02
1.286349582323983327e+02
1.298813418841494354e+02
1.318929642264043878e+02
1.423108339999999146e+02
