1.048533770000000374e+02
9.725524631931897090e+01
9.870436840397572098e+01
1.005387480003354170e+02
1.015707151042237086e+02
1.014429325332934297e+02
1.024648834024867483e+02
1.019708583372379707e+02
9.897582905907867712e+01
1.052247533585721300e+02
1.078921021642848075e+02
1.125895688358380937e+02
1.153334934496406134e+02
1.189287772224386401e+02
1.234383971948710439e+02
1.281331395471434291e+02
1.347040303086440360e+02
1.636172928033794562e+02
2.432308141998128690e+02
2.475974839999995822e+02
