8.998608799999998098e+01
9.973047971899471520e+01
9.820664076122535846e+01
9.911116236768225463e+01
9.915791189643550751e+01
1.002573548212149603e+02
1.007201466099123195e+02
9.821088037634967804e+01
9.773595907923576931e+01
9.889875182094215234e+01
9.879819592753032964e+01
1.015499918938867694e+02
1.057211859324385443e+02
1.058593807963370352e+02
1.082992392389988510e+02
1.117061342442099345e+02
1.160021378114026618e+02
1.206809712783091442e+02
1.246576172041072965e+02
1.290480420000000379e+02
