9.159899499999993111e+01
1.096340373102027286e+02
9.677413480123715317e+01
9.989198053888632955e+01
1.037610795231339438e+02
1.055677460227530844e+02
1.025725536753781881e+02
1.017305933284912385e+02
1.025496943906315437e+02
1.031671240412926096e+02
1.052089217783359345e+02
1.085547049149540584e+02
1.176059345830372678e+02
1.213019443044529453e+02
1.222655999586049091e+02
1.267251639852415650e+02
1.298998682845269741e+02
1.386992270743359654e+02
1.542549491603529077e+02
2.017026909999998736e+02
