1.033164460000000560e+02
1.139296282785502115e+02
1.139173148493839705e+02
1.141622536163166899e+02
1.143452646611943493e+02
1.129999303808416755e+02
1.112738109152878678e+02
1.104384412375692079e+02
1.095707857016589060e+02
1.127441801983956395e+02
1.144333833157224234e+02
1.194298142679626551e+02
1.238055368089056287e+02
1.291737129812542832e+02
1.331694537308942472e+02
1.386247473126816487e+02
1.450382006119021412e+02
1.989920873777897157e+02
1.952190922152261408e+02
7.564688799999979096e+01
