1.551507270000000460e+02
1.489969903588262525e+02
1.477384850801956020e+02
1.481018685630577636e+02
1.513065110274812071e+02
1.528568558632756265e+02
1.523421151443868098e+02
1.523282845580882849e+02
1.508504954705024090e+02
1.489131677152944349e+02
1.477396900998034823e+02
1.488991509981147203e+02
1.502897365721439087e+02
1.512402742706097172e+02
1.538781550504779716e+02
1.565301265128244381e+02
1.565876199229557812e+02
1.551136430651883984e+02
1.549682518582639261e+02
1.531649110000000462e+02
