1.608946649999999750e+02
1.593837961342127585e+02
1.572543675773278267e+02
1.573931080522073103e+02
1.575806075311988934e+02
1.567825134496202963e+02
1.568983115967486697e+02
1.568596565175849378e+02
1.564297340472817552e+02
1.564546469876980836e+02
1.568711955806960816e+02
1.572916999969072265e+02
1.589691323857701946e+02
1.605741786869612895e+02
1.631408262537120493e+02
1.672934319147503004e+02
1.717622845569188712e+02
1.630258104349206860e+02
1.612055827121572236e+02
1.586343739999999514e+02
