1.770228859999999145e+02
1.555739738277752053e+02
1.582738876442613787e+02
1.566802820934088061e+02
1.549076338137257380e+02
1.540245861522548694e+02
1.536135904986163325e+02
1.534318707259447763e+02
1.531764362186399353e+02
1.530743178993292588e+02
1.532006291785501446e+02
1.523576641149141722e+02
1.526976217871961126e+02
1.558501020382692559e+02
1.561922926188408383e+02
1.547514216025138012e+02
1.556037054178997323e+02
1.595567062584679832e+02
1.615411836459306301e+02
1.614888049999999566e+02
