1.575532919999999990e+02
1.644798384427922713e+02
1.644244878838331090e+02
1.627453322798624811e+02
1.606363195252026799e+02
1.596949176323749100e+02
1.620778223624487282e+02
1.644413136479347486e+02
1.643489286807994461e+02
1.656639495686576424e+02
1.624830607950715660e+02
1.618368598598499091e+02
1.608300732920224050e+02
1.640212360970216992e+02
1.637071194006068140e+02
1.626117955213090056e+02
1.625781278418314457e+02
1.631750036640151791e+02
1.645361463427607873e+02
1.636903880000000129e+02
