1.568872899999999504e+02
1.539995256961490497e+02
1.533771559904795367e+02
1.526251097596832551e+02
1.530791759597324813e+02
1.534923238091449207e+02
1.537948649972898352e+02
1.524469799225715576e+02
1.503099531882723454e+02
1.485455200538832230e+02
1.479012806965158688e+02
1.471516963396668984e+02
1.468994964612247713e+02
1.493259855989057598e+02
1.523200138975541904e+02
1.562174142773045560e+02
1.589723182748249997e+02
1.524238174751139923e+02
1.523017200559126536e+02
1.563954520000000059e+02
