1.594143159999998431e+02
1.539654883308417084e+02
1.536278221006282649e+02
1.538691352611218406e+02
1.546691935348547702e+02
1.546939825861541919e+02
1.542305828500669236e+02
1.540982366972799014e+02
1.547430137171525359e+02
1.563492905939634738e+02
1.578738992419283420e+02
1.597580919589213693e+02
1.637170940602015605e+02
1.659619271625761883e+02
1.690636038618883674e+02
1.655820229574876805e+02
1.584807570147848423e+02
1.546124900804160802e+02
1.560288670506359381e+02
1.605198899999999753e+02
