1.621316019999999867e+02
1.530846806907163113e+02
1.507632980671957057e+02
1.493035266070621105e+02
1.489260459483137993e+02
1.486729983542832372e+02
1.472351757916030124e+02
1.474385596560935880e+02
1.473213643157080242e+02
1.479173986076560823e+02
1.501446932029742811e+02
1.515802653809490153e+02
1.526901411941671824e+02
1.554571083351120535e+02
1.564423614837602372e+02
1.573588945855581471e+02
1.666195364018144289e+02
1.637408277769007441e+02
1.518602434079151919e+02
1.521524209999999755e+02
