1.540601679999996918e+02
1.517915019180101126e+02
1.588665278789428612e+02
1.544662678218842586e+02
1.496443467626787083e+02
1.471411697534473149e+02
1.472847111114460574e+02
1.473235359489175096e+02
1.474979105326166575e+02
1.480547181469064810e+02
1.483050679931983211e+02
1.497875375713625203e+02
1.519684604938204870e+02
1.529794388049469376e+02
1.558766695820867483e+02
1.614955376632213699e+02
1.695541769854999075e+02
1.694982687617939803e+02
1.491616882743978465e+02
1.495357109999999921e+02
