1.781541479999997648e+02
1.592474455648849982e+02
1.580091156007288191e+02
1.554504575588032935e+02
1.528600891878840571e+02
1.520142217369446769e+02
1.526024917578393456e+02
1.536638610805566429e+02
1.551675306939029895e+02
1.548603284409804814e+02
1.542251674619658957e+02
1.552868377158171711e+02
1.563174774848401398e+02
1.563721569984625432e+02
1.559749659097157348e+02
1.549592128611722615e+02
1.549569628894908817e+02
1.559987122808540221e+02
1.554461297479518862e+02
1.548430350000002136e+02
