1.480601199999998414e+02
1.409908233733548002e+02
1.422877546092600198e+02
1.437127554264530715e+02
1.417705029183462102e+02
1.436453596872685239e+02
1.452869300234670789e+02
1.472618610658121554e+02
1.481261451731737679e+02
1.485861857360726788e+02
1.479196177401587704e+02
1.484921444269856750e+02
1.494626389428908055e+02
1.494859858539048503e+02
1.502859962440852541e+02
1.507506060151195015e+02
1.501688207489221440e+02
1.512354300416403703e+02
1.523098726173141984e+02
1.511676839999999231e+02
