1.600783770000000459e+02
1.567449813416736504e+02
1.541943268870234363e+02
1.523819263874742660e+02
1.515420295052522874e+02
1.517986504173324249e+02
1.515854477475589874e+02
1.526479188522988295e+02
1.526516408099368505e+02
1.531536665790614222e+02
1.538126945973494628e+02
1.541582673118202820e+02
1.539552064416101587e+02
1.538605882961759335e+02
1.545018319016930661e+02
1.550655204776248013e+02
1.557113767660578105e+02
1.581760729350693850e+02
1.610599061436724071e+02
1.623350460000000339e+02
