1.707656389999999931e+02
1.660777135023892868e+02
1.579174683399729417e+02
1.555536658487649220e+02
1.537060233024769786e+02
1.528505652138401558e+02
1.530810433112591795e+02
1.518462429759618431e+02
1.533082173535527204e+02
1.560957537377481401e+02
1.559737356537134190e+02
1.556295830445632475e+02
1.567952436153586291e+02
1.558255778523748631e+02
1.566591406369347794e+02
1.578896242038377409e+02
1.594135044157079051e+02
1.585910953119133922e+02
1.614007090833116251e+02
1.632925259999999810e+02
