1.554346419999999398e+02
1.557405529180115025e+02
1.527416250727809199e+02
1.505935065859531221e+02
1.495695765516438769e+02
1.494996862415280816e+02
1.503498798221944810e+02
1.499886359255899890e+02
1.506906435866511629e+02
1.514157722948971525e+02
1.515934847347054415e+02
1.513780144222315300e+02
1.520902883818913836e+02
1.523734236979651087e+02
1.534781332323487959e+02
1.569045929897941392e+02
1.593166332302266994e+02
1.577288044036045846e+02
1.602315849514860417e+02
1.678825700000000154e+02
