1.615485780000001910e+02
1.565798207519353014e+02
1.562354440268729832e+02
1.548672904967706074e+02
1.535506632984898658e+02
1.527938872754498050e+02
1.526180511862842764e+02
1.526730344322279507e+02
1.540027650755467619e+02
1.545253264609909252e+02
1.533911573618202340e+02
1.529318518308642751e+02
1.536803937192553917e+02
1.539931215367658410e+02
1.544878409471483565e+02
1.575906075693733897e+02
1.590493677024254282e+02
1.583318690750730866e+02
1.523521419704621565e+02
1.549215570000000071e+02
