1.819981929999997021e+02
1.595646392968758107e+02
1.532103296543075430e+02
1.505627715608895585e+02
1.488516553119216894e+02
1.465200959010888369e+02
1.474752393674799009e+02
1.505672650033136790e+02
1.534248728846455094e+02
1.570291225139411608e+02
1.583299062125315686e+02
1.609728146891596055e+02
1.680050208355862082e+02
1.567583623913090491e+02
1.520057630989046515e+02
1.575211908438493538e+02
1.567111343286999272e+02
1.506961971894539829e+02
1.572940756154158635e+02
1.551208460000001423e+02
