1.424956499999997845e+02
1.488290012771372517e+02
1.445514420769142703e+02
1.420128830060947109e+02
1.475368799865478309e+02
1.533116923339947846e+02
1.527795625020398518e+02
1.519559109474640479e+02
1.514675885203518533e+02
1.525999368054112608e+02
1.538768074333592324e+02
1.537205814201481644e+02
1.533006813954813765e+02
1.539757948469754183e+02
1.547673075502376889e+02
1.563906042653589452e+02
1.557192151425011275e+02
1.566524530732743585e+02
1.590880200376826110e+02
1.576989860000001045e+02
