1.444220720000000142e+02
1.429537849999998684e+02
1.455616869999997220e+02
1.518820249999996577e+02
1.605371669999995277e+02
1.617192299999999818e+02
1.622049729999997680e+02
1.593966879999996706e+02
1.539372640000001411e+02
1.544705940000000339e+02
1.538941349999998636e+02
1.554718310000003214e+02
1.577071789999999396e+02
1.581722850000002722e+02
1.594492020000001844e+02
1.634799289999997143e+02
1.627660529999999426e+02
1.615997799999996971e+02
1.593780649999998502e+02
1.596533700162434570e+02
