1.598008790000000943e+02
1.430720210000000350e+02
1.440714799999995535e+02
1.444085249999994858e+02
1.528354269999998962e+02
1.564636789999999564e+02
1.503074000000002570e+02
1.498895030000001043e+02
1.476192180000001315e+02
1.468100579999999695e+02
1.475540180000002124e+02
1.460953410000002748e+02
1.483158380000001841e+02
1.488813940000000571e+02
1.504324000000002002e+02
1.514729079999998191e+02
1.579893510000001982e+02
1.568457910000000197e+02
1.515939839999998924e+02
1.498966879999999833e+02
