1.426548419999998600e+02
1.426136199324833456e+02
1.461172866337460903e+02
1.508824701063369105e+02
1.636276238590032506e+02
1.630122669402391580e+02
1.656981732614600560e+02
1.665812461339075696e+02
1.621968965185234879e+02
1.600492845805299282e+02
1.614663357891487863e+02
1.614799359283505567e+02
1.627199776530652002e+02
1.614919084354001200e+02
1.631130994384600967e+02
1.658675602397579212e+02
1.645857675494222292e+02
1.597457630723596083e+02
1.630131594547915483e+02
1.626220579999999245e+02
