1.477608889999998212e+02
1.470653016319535027e+02
1.503635885823387071e+02
1.546179731247484881e+02
1.612007618735209462e+02
1.625523108231576543e+02
1.595785650569866050e+02
1.571991401875865790e+02
1.548363810612470672e+02
1.550985927728336833e+02
1.548129558987020857e+02
1.577240175436361937e+02
1.606722052176200464e+02
1.676606513264000853e+02
1.633122235585727253e+02
1.587829300248072855e+02
1.565384358428462974e+02
1.607277593877696233e+02
1.606388040001172897e+02
1.616265919999999880e+02
